0 0.505859375 0.44583333333333336 0.06171875 0.058333333333333334
0 0.51796875 0.40625 0.1 0.07083333333333333
0 0.59921875 0.41597222222222224 0.09375 0.0875
0 0.635546875 0.4173611111111111 0.07421875 0.08472222222222223
0 0.572265625 0.35625 0.09296875 0.043055555555555555
0 0.5796875 0.36875 0.096875 0.04027777777777778
0 0.409765625 0.38055555555555554 0.10078125 0.058333333333333334
0 0.405078125 0.3416666666666667 0.08359375 0.041666666666666664
0 0.348046875 0.3909722222222222 0.09765625 0.0763888888888889
0 0.274609375 0.4340277777777778 0.02890625 0.0875
0 0.24375 0.3902777777777778 0.0859375 0.10277777777777777