0 0.5875 0.6361111111111111 0.071875 0.058333333333333334
0 0.73125 0.5597222222222222 0.0328125 0.03888888888888889
0 0.5015625 0.6381944444444444 0.0765625 0.04861111111111111
0 0.4921875 0.5888888888888889 0.0609375 0.03333333333333333
0 0.529296875 0.6020833333333333 0.03046875 0.043055555555555555
0 0.594140625 0.5826388888888889 0.07890625 0.04861111111111111
0 0.39375 0.5763888888888888 0.0375 0.03333333333333333
0 0.369140625 0.5868055555555556 0.01796875 0.029166666666666667
0 0.34453125 0.5381944444444444 0.04375 0.04027777777777778
0 0.37109375 0.48055555555555557 0.03125 0.027777777777777776
0 0.458984375 0.4576388888888889 0.02265625 0.03194444444444444
0 0.109765625 0.5333333333333333 0.03515625 0.03333333333333333