0 0.257421875 0.5013888888888889 0.03359375 0.03888888888888889
0 0.158984375 0.48194444444444445 0.04765625 0.027777777777777776
0 0.07734375 0.46805555555555556 0.0140625 0.027777777777777776
0 0.0125 0.5236111111111111 0.025 0.05277777777777778
0 0.744140625 0.5472222222222223 0.07265625 0.044444444444444446
0 0.6484375 0.5097222222222222 0.040625 0.03333333333333333
0 0.66875 0.4673611111111111 0.0265625 0.02638888888888889
0 0.79765625 0.45555555555555555 0.0234375 0.030555555555555555
0 0.369140625 0.51875 0.02265625 0.03194444444444444
0 0.494921875 0.44166666666666665 0.01484375 0.019444444444444445
0 0.41015625 0.43680555555555556 0.0234375 0.020833333333333332
0 0.379296875 0.44513888888888886 0.01640625 0.02361111111111111
0 0.337109375 0.46041666666666664 0.01640625 0.02361111111111111
0 0.246875 0.4423611111111111 0.0125 0.018055555555555554
0 0.201171875 0.43333333333333335 0.02421875 0.019444444444444445
0 0.228515625 0.425 0.01640625 0.022222222222222223