0 0.64296875 0.55 0.0671875 0.05277777777777778
0 0.613671875 0.5201388888888889 0.06328125 0.03194444444444444
0 0.559375 0.51875 0.0234375 0.03194444444444444
0 0.537109375 0.5291666666666667 0.04609375 0.044444444444444446
0 0.709765625 0.49166666666666664 0.01953125 0.027777777777777776
0 0.433203125 0.5430555555555555 0.05234375 0.03888888888888889
0 0.369921875 0.4909722222222222 0.01953125 0.03194444444444444
0 0.355078125 0.49166666666666664 0.01171875 0.019444444444444445
0 0.28671875 0.48680555555555555 0.0375 0.03194444444444444
0 0.056640625 0.49722222222222223 0.03359375 0.016666666666666666
0 0.375390625 0.4444444444444444 0.02109375 0.019444444444444445
0 0.393359375 0.4479166666666667 0.01796875 0.015277777777777777
0 0.447265625 0.4395833333333333 0.01328125 0.02361111111111111
0 0.471484375 0.42777777777777776 0.01171875 0.019444444444444445