0 0.951171875 0.5333333333333333 0.06953125 0.05
0 0.883203125 0.5243055555555556 0.06171875 0.043055555555555555
0 0.89453125 0.4979166666666667 0.0203125 0.03194444444444444
0 0.91015625 0.5055555555555555 0.0140625 0.025
0 0.61015625 0.4979166666666667 0.0390625 0.034722222222222224
0 0.619921875 0.45069444444444445 0.01796875 0.020833333333333332
0 0.484375 0.5520833333333334 0.0296875 0.04027777777777778
0 0.533203125 0.4583333333333333 0.01953125 0.022222222222222223
0 0.651171875 0.43680555555555556 0.01171875 0.020833333333333332
0 0.68203125 0.44375 0.01875 0.020833333333333332
0 0.70859375 0.43680555555555556 0.0171875 0.015277777777777777
0 0.735546875 0.4270833333333333 0.01484375 0.0125
0 0.412890625 0.45694444444444443 0.02421875 0.025
0 0.352734375 0.47708333333333336 0.03203125 0.02361111111111111
0 0.313671875 0.48055555555555557 0.01328125 0.025
0 0.09921875 0.5069444444444444 0.0578125 0.03888888888888889