0 0.89765625 0.6548611111111111 0.1296875 0.09305555555555556
0 0.709765625 0.5354166666666667 0.04296875 0.043055555555555555
0 0.772265625 0.4930555555555556 0.03515625 0.03888888888888889
0 0.86875 0.46041666666666664 0.028125 0.029166666666666667
0 0.65078125 0.4861111111111111 0.0125 0.022222222222222223
0 0.481640625 0.5118055555555555 0.02890625 0.02361111111111111
0 0.576953125 0.44583333333333336 0.01484375 0.022222222222222223
0 0.51015625 0.4409722222222222 0.0203125 0.02361111111111111
0 0.463671875 0.4465277777777778 0.01171875 0.02361111111111111
0 0.379296875 0.4638888888888889 0.01953125 0.025
0 0.283984375 0.5145833333333333 0.01484375 0.03194444444444444
0 0.35078125 0.4388888888888889 0.009375 0.019444444444444445
0 0.316796875 0.4326388888888889 0.00859375 0.0125
0 0.246484375 0.47152777777777777 0.02265625 0.034722222222222224
0 0.194140625 0.46805555555555556 0.01171875 0.027777777777777776
0 0.08125 0.48333333333333334 0.0328125 0.027777777777777776
0 0.020703125 0.5395833333333333 0.04140625 0.07916666666666666