0 0.220703125 0.5944444444444444 0.07109375 0.06111111111111111
0 0.655078125 0.6270833333333333 0.02890625 0.059722222222222225
0 0.885546875 0.46805555555555556 0.01953125 0.027777777777777776
0 0.10703125 0.5708333333333333 0.071875 0.044444444444444446
0 0.085546875 0.4618055555555556 0.01640625 0.020833333333333332
0 0.075390625 0.4465277777777778 0.01640625 0.020833333333333332
0 0.1984375 0.45625 0.009375 0.02361111111111111
0 0.3796875 0.49583333333333335 0.03125 0.030555555555555555
0 0.375390625 0.4465277777777778 0.02421875 0.03194444444444444
0 0.42109375 0.46458333333333335 0.0109375 0.020833333333333332
0 0.65078125 0.5 0.05 0.05