0 0.6421875 0.5680555555555555 0.0515625 0.03888888888888889
0 0.8140625 0.5625 0.06875 0.06111111111111111
0 0.80078125 0.48541666666666666 0.0171875 0.020833333333333332
0 0.84765625 0.47430555555555554 0.0328125 0.02638888888888889
0 0.807421875 0.46041666666666664 0.01171875 0.02638888888888889
0 0.773828125 0.45625 0.01640625 0.02361111111111111
0 0.722265625 0.4375 0.01640625 0.019444444444444445
0 0.569921875 0.5520833333333334 0.04609375 0.04027777777777778
0 0.681640625 0.4722222222222222 0.02734375 0.022222222222222223
0 0.556640625 0.47152777777777777 0.02578125 0.02361111111111111
0 0.53828125 0.45069444444444445 0.028125 0.034722222222222224
0 0.320703125 0.4777777777777778 0.03984375 0.03888888888888889
0 0.2265625 0.4986111111111111 0.040625 0.03611111111111111
0 0.262109375 0.4361111111111111 0.01640625 0.022222222222222223