0 0.743359375 0.5638888888888889 0.06328125 0.05
0 0.64921875 0.5736111111111111 0.0734375 0.05277777777777778
0 0.73828125 0.49444444444444446 0.03125 0.027777777777777776
0 0.810546875 0.48194444444444445 0.02578125 0.025
0 0.773828125 0.4652777777777778 0.01171875 0.025
0 0.74453125 0.46319444444444446 0.0109375 0.02361111111111111
0 0.68984375 0.44027777777777777 0.0171875 0.027777777777777776
0 0.52109375 0.4576388888888889 0.021875 0.02638888888888889
0 0.5375 0.4777777777777778 0.021875 0.025
0 0.551171875 0.5527777777777778 0.04765625 0.044444444444444446
0 0.301953125 0.48194444444444445 0.02890625 0.025
0 0.209375 0.5027777777777778 0.0359375 0.03888888888888889
0 0.255078125 0.4354166666666667 0.02265625 0.029166666666666667