0 0.144921875 0.7145833333333333 0.09453125 0.0625
0 0.107421875 0.5090277777777777 0.03203125 0.02638888888888889
0 0.501171875 0.4722222222222222 0.01640625 0.019444444444444445
0 0.51953125 0.47638888888888886 0.0171875 0.022222222222222223
0 0.545703125 0.48680555555555555 0.01171875 0.020833333333333332
0 0.562890625 0.475 0.01640625 0.013888888888888888
0 0.585546875 0.48541666666666666 0.01796875 0.009722222222222222
0 0.587109375 0.4722222222222222 0.01640625 0.019444444444444445
0 0.59609375 0.45555555555555555 0.0125 0.016666666666666666
0 0.628125 0.4708333333333333 0.0203125 0.019444444444444445
0 0.705078125 0.4652777777777778 0.02109375 0.022222222222222223