0 0.617578125 0.9333333333333333 0.07265625 0.13055555555555556
0 0.529296875 0.9 0.15390625 0.1638888888888889
0 0.85234375 0.6666666666666666 0.1 0.08888888888888889
0 0.95859375 0.49583333333333335 0.0328125 0.027777777777777776
0 0.81875 0.49027777777777776 0.03125 0.022222222222222223
0 0.7921875 0.4895833333333333 0.0203125 0.02638888888888889
0 0.812109375 0.4576388888888889 0.02109375 0.03194444444444444
0 0.70703125 0.5215277777777778 0.034375 0.0375
0 0.67578125 0.49166666666666664 0.025 0.025
0 0.4125 0.6451388888888889 0.0234375 0.05694444444444444
0 0.380078125 0.5368055555555555 0.02265625 0.029166666666666667