0 0.723828125 0.5819444444444445 0.06796875 0.05
0 0.815234375 0.5138888888888888 0.02421875 0.03333333333333333
0 0.734375 0.4826388888888889 0.0296875 0.02638888888888889
0 0.6015625 0.4722222222222222 0.0265625 0.019444444444444445
0 0.49375 0.5416666666666666 0.05 0.030555555555555555
0 0.48515625 0.5319444444444444 0.0640625 0.03333333333333333
0 0.363671875 0.6104166666666667 0.07890625 0.05138888888888889
0 0.349609375 0.6027777777777777 0.08046875 0.03888888888888889
0 0.430859375 0.47847222222222224 0.03046875 0.02361111111111111
0 0.349609375 0.4513888888888889 0.02734375 0.019444444444444445
0 0.041015625 0.4375 0.02734375 0.019444444444444445