0 0.26015625 0.6395833333333333 0.028125 0.05694444444444444
0 0.125390625 0.5145833333333333 0.02421875 0.03194444444444444
0 0.076171875 0.5166666666666667 0.02109375 0.025
0 0.49140625 0.5145833333333333 0.0484375 0.03194444444444444
0 0.39296875 0.47152777777777777 0.0265625 0.020833333333333332
0 0.483203125 0.4625 0.01484375 0.025
0 0.504296875 0.44166666666666665 0.01484375 0.022222222222222223
0 0.5265625 0.4409722222222222 0.0140625 0.018055555555555554
0 0.71640625 0.5 0.0359375 0.03333333333333333
0 0.745703125 0.5277777777777778 0.06328125 0.041666666666666664
0 0.7734375 0.5180555555555556 0.059375 0.041666666666666664
0 0.880078125 0.48194444444444445 0.01640625 0.025